5.462904930114746 , 6.592350554335269e-10 
6.061491012573242 , 3.090818934126105e-09 
6.535772323608398 , 1.4525566083278818e-08 
6.842069625854492 , 9.84676939985718e-09 
7.06358003616333 , 8.766534165260964e-10 
7.266882419586182 , 0.0037308102440949398 
7.4501519203186035 , 0.0769806676544249 
7.42576789855957 , 0.2206101268529892 
7.2833967208862305 , 0.32643187046051025 
6.72147798538208 , 0.539648711681366 
6.355310440063477 , 0.5985915660858154 
6.293018817901611 , 0.5934855937957764 
6.251214027404785 , 0.5803409218788147 
6.2218732833862305 , 0.5558971762657166 
6.215878009796143 , 0.5198253989219666 
6.240333080291748 , 0.4886018633842468 
6.271411418914795 , 0.46477556228637695 
6.33134126663208 , 0.4310491681098938 
6.417892932891846 , 0.3897692561149597 
6.5028581619262695 , 0.35492777824401855 
6.566548824310303 , 0.3350251317024231 
6.627520561218262 , 0.323438823223114 
6.678683280944824 , 0.3202279806137085 
6.711601734161377 , 0.3196704387664795 
6.780271053314209 , 0.31906890869140625 
6.792451858520508 , 0.31764525175094604 
6.8178277015686035 , 0.3148695230484009 
6.848394870758057 , 0.3070361614227295 
6.869083881378174 , 0.2975277304649353 
6.887898921966553 , 0.2861647605895996 
6.909200668334961 , 0.2718675136566162 
6.953805446624756 , 0.25403738021850586 
6.960074424743652 , 0.24037057161331177 
6.987987041473389 , 0.22608619928359985 
7.007356882095337 , 0.21743923425674438 
7.03980278968811 , 0.204973042011261 
7.05927586555481 , 0.19552719593048096 
7.09758996963501 , 0.18763679265975952 
7.127495765686035 , 0.18031346797943115 
7.160399675369263 , 0.17286282777786255 
7.192285776138306 , 0.1661359667778015 
7.226639270782471 , 0.15899497270584106 
7.24325704574585 , 0.15532267093658447 
7.264012813568115 , 0.14996489882469177 
7.276296377182007 , 0.15827319025993347 
7.312094211578369 , 0.14087262749671936 
7.304951190948486 , 0.1366618275642395 
7.316096067428589 , 0.14520710706710815 
7.329196453094482 , 0.14095628261566162 
7.3489885330200195 , 0.12221783399581909 
7.366691827774048 , 0.11705026030540466 
7.3829731941223145 , 0.11288474500179291 
7.394714832305908 , 0.11021018773317337 
7.41534948348999 , 0.10600055009126663 
7.436219692230225 , 0.10218491032719612 
7.4546098709106445 , 0.0988390576094389 
7.473670244216919 , 0.0952274240553379 
7.488945245742798 , 0.09245013259351254 
7.501946926116943 , 0.09006591886281967 
7.516799449920654 , 0.08721990883350372 
7.5274951457977295 , 0.08542497456073761 
7.534809350967407 , 0.08442386984825134 
7.558606863021851 , 0.0832110345363617 
7.5514339208602905 , 0.08245179057121277 
7.558119297027588 , 0.0978546142578125 
7.569044232368469 , 0.08047398924827576 
7.594823718070984 , 0.07959982752799988 
7.585809946060181 , 0.07888412475585938 
7.594548583030701 , 0.07806903123855591 
7.603871822357178 , 0.07725626230239868 
7.613365650177002 , 0.07666516304016113 
7.624252676963806 , 0.07621043920516968 
7.634066224098206 , 0.07611602544784546 
7.643205404281616 , 0.07635754346847534 
7.652768611907959 , 0.07695704698562622 
7.659660458564758 , 0.07762187719345093 
7.668759107589722 , 0.07869404554367065 
7.67529022693634 , 0.0969650149345398 
7.683490872383118 , 0.081218421459198 
7.688595771789551 , 0.08242499828338623 
7.693294644355774 , 0.08379673957824707 
7.697575032711029 , 0.0857546329498291 
7.702064514160156 , 0.08687233924865723 
7.708446025848389 , 0.08954596519470215 
7.713476121425629 , 0.0919182300567627 
7.717594563961029 , 0.10279202461242676 
7.721777558326721 , 0.09637737274169922 
7.726865231990814 , 0.09920847415924072 
7.730055749416351 , 0.10183084011077881 
7.735938608646393 , 0.10405862331390381 
7.744118630886078 , 0.10839533805847168 
7.7504397332668304 , 0.11185622215270996 
7.756211131811142 , 0.11521995067596436 
7.760847091674805 , 0.11804687976837158 
7.7651950269937515 , 0.1207350492477417 
7.771231688559055 , 0.12441372871398926 
7.775507507845759 , 0.1277618408203125 
7.781617276370525 , 0.13030147552490234 
7.787703171372414 , 0.1336606740951538 
7.795010790228844 , 0.13754761219024658 
7.802423685789108 , 0.14113295078277588 
7.811082601547241 , 0.14492058753967285 
7.821918219327927 , 0.14925611019134521 
7.831492245197296 , 0.15301382541656494 
7.837173342704773 , 0.15529513359069824 
7.845425665378571 , 0.15914106369018555 
7.8496962785720825 , 0.15055811405181885 
7.85478937625885 , 0.1550067663192749 
7.8592119216918945 , 0.16478633880615234 
7.8648107051849365 , 0.16639423370361328 
7.8717071413993835 , 0.16779446601867676 
7.896557450294495 , 0.16895198822021484 
7.88589346408844 , 0.16958677768707275 
7.897387981414795 , 0.17047357559204102 
7.9037264585494995 , 0.1709439754486084 
7.911288142204285 , 0.15617096424102783 
7.920412182807922 , 0.1721581220626831 
7.931682467460632 , 0.1725032925605774 
7.942484378814697 , 0.17218369245529175 
7.949548125267029 , 0.17173248529434204 
7.971086859703064 , 0.1707625389099121 
7.966050386428833 , 0.1693974733352661 
7.975009918212891 , 0.16840043663978577 
7.9896156787872314 , 0.16634103655815125 
7.9902766942977905 , 0.1645078957080841 
7.995087623596191 , 0.1443459689617157 
8.000935435295105 , 0.16023749113082886 
8.007484912872314 , 0.1569318026304245 
8.015655279159546 , 0.15244805812835693 
8.0209881067276 , 0.1495458260178566 
8.027615785598755 , 0.14598828181624413 
8.03557288646698 , 0.14166486449539661 
8.042299270629883 , 0.13764510303735733 
8.05093502998352 , 0.1320850094780326 
8.057710409164429 , 0.12705595791339874 
8.063106775283813 , 0.12263473868370056 
8.067577481269836 , 0.11845199763774872 
8.072523713111877 , 0.11327040195465088 
8.077961206436157 , 0.10651522874832153 
8.083043694496155 , 0.09937259554862976 
8.086301803588867 , 0.09413909912109375 
8.08957028388977 , 0.08860594034194946 
8.09378695487976 , 0.08139151334762573 
8.096943259239197 , 0.07579487562179565 
8.099342226982117 , 0.07129150629043579 
8.102007985115051 , 0.065823495388031 
8.10434114933014 , 0.06030428409576416 
8.10611605644226 , 0.0547175407409668 
8.107860326766968 , 0.04770630598068237 
8.109092473983765 , 0.04052627086639404 
8.110207438468933 , 0.033147990703582764 
8.111300706863403 , 0.024024367332458496 
8.111610770225525 , 0.01818060874938965 
8.090731382369995 , 0.010881543159484863 
8.11131638288498 , 0.006009459495544434 
8.111157834529877 , 0.001631021499633789 
8.110732913017273 , -0.003146529197692871 
8.110227525234222 , -0.007886528968811035 
8.109622657299042 , -0.013190269470214844 
8.108834445476532 , -0.018547415733337402 
8.107569992542267 , -0.02382957935333252 
8.106370031833649 , -0.028111934661865234 
8.104459047317505 , -0.034081339836120605 
8.102790534496307 , -0.038088083267211914 
8.100334376096725 , -0.043417930603027344 
8.098533809185028 , -0.04713845252990723 
8.096371710300446 , -0.051286935806274414 
8.094185650348663 , -0.054784178733825684 
8.090843543410301 , -0.05923497676849365 
8.08745906688273 , -0.06344854831695557 
8.060093309730291 , -0.06768858432769775 
8.081467479467392 , -0.0706937313079834 
8.078951954841614 , -0.07357597351074219 
8.07705257833004 , -0.07562434673309326 
8.074655890464783 , -0.07781851291656494 
8.047776103019714 , -0.08061516284942627 
8.068609863519669 , -0.08247697353363037 
8.066084831953049 , -0.08402526378631592 
8.062379479408264 , -0.0859212875366211 
8.059438288211823 , -0.08723175525665283 
8.055785059928894 , -0.0887218713760376 
8.052544176578522 , -0.09010982513427734 
8.04875272512436 , -0.09190809726715088 
8.045047760009766 , -0.09352076053619385 
8.04218876361847 , -0.0948336124420166 
8.040256381034851 , -0.09552526473999023 
8.038382947444916 , -0.09590286016464233 
8.036118865013123 , -0.09605264663696289 
8.0337735414505 , -0.09595942497253418 
8.031894326210022 , -0.09575188159942627 
8.02989137172699 , -0.0840674638748169 
8.027262091636658 , -0.09495007991790771 
8.024413585662842 , -0.09436088800430298 
8.022152304649353 , -0.09404861927032471 
8.020820379257202 , -0.09392029047012329 
8.01926338672638 , -0.0937003493309021 
8.018409967422485 , -0.0935673713684082 
8.017684698104858 , -0.09330028295516968 
8.01710295677185 , -0.09296178817749023 
8.016415238380432 , -0.09233659505844116 
8.015940189361572 , -0.09147021174430847 
8.015090346336365 , -0.09066474437713623 
8.013855457305908 , -0.08894157409667969 
8.012444734573364 , -0.08686953783035278 
8.011316776275635 , -0.085057333111763 
8.01027250289917 , -0.08310432732105255 
8.009596943855286 , -0.08151134848594666 
8.009032726287842 , -0.07961950451135635 
8.008775234222412 , -0.07812328636646271 
7.994673728942871 , -0.07603099383413792 
8.008748531341553 , -0.07434628158807755 
8.009080648422241 , -0.07177260890603065 
8.009568691253662 , -0.06929216533899307 
8.010188817977905 , -0.06692010164260864 
8.011106729507446 , -0.06501005589962006 
8.012508630752563 , -0.06314586102962494 
8.013668537139893 , -0.06177601218223572 
8.014732360839844 , -0.06006675958633423 
8.01566481590271 , -0.05777084827423096 
8.016382455825806 , -0.0557745099067688 
8.017029762268066 , -0.053509920835494995 
8.017918825149536 , -0.050205737352371216 
8.01890254020691 , -0.046798110008239746 
8.020082473754883 , -0.04174959659576416 
8.02104640007019 , -0.03749328851699829 
8.022082567214966 , -0.033815860748291016 
8.023544073104858 , -0.02956944704055786 
8.0249183177948 , -0.026184141635894775 
8.026098251342773 , -0.02363497018814087 
8.009148120880127 , -0.020097732543945312 
8.0296311378479 , -0.017837107181549072 
8.031690120697021 , -0.014049232006072998 
8.016088724136353 , -0.010633885860443115 
8.03456449508667 , -0.0071656107902526855 
8.0356285572052 , 0.011920571327209473 
8.036737442016602 , 0.0026445388793945312 
8.037041664123535 , 0.009044051170349121 
8.03701663017273 , 0.013010740280151367 
8.037011861801147 , 0.01734471321105957 
8.036988973617554 , 0.023126721382141113 
8.037075757980347 , 0.027026653289794922 
8.037501335144043 , 0.033084869384765625 
8.03764820098877 , 0.03759205341339111 
8.037832021713257 , 0.044284939765930176 
8.03757095336914 , 0.04976987838745117 
8.037122249603271 , 0.05402719974517822 
8.036148071289062 , 0.05878019332885742 
8.035321235656738 , 0.06193828582763672 
8.033519744873047 , 0.06713104248046875 
8.031422138214111 , 0.07244217395782471 
8.029996395111084 , 0.07472693920135498 
8.02756643295288 , 0.08144772052764893 
8.024954319000244 , 0.08611094951629639 
8.020978927612305 , 0.09161090850830078 
8.01742696762085 , 0.09571290016174316 
8.014363288879395 , 0.09393584728240967 
8.010438442230225 , 0.10310077667236328 
8.006114959716797 , 0.10698068141937256 
8.003208637237549 , 0.11064445972442627 
7.999365329742432 , 0.11257922649383545 
7.994449138641357 , 0.11595487594604492 
7.990640163421631 , 0.11924582719802856 
7.985397815704346 , 0.12095475196838379 
7.980154037475586 , 0.10869407653808594 
7.973744869232178 , 0.12592154741287231 
7.968512535095215 , 0.12768590450286865 
7.948171615600586 , 0.1291995644569397 
7.9595627784729 , 0.1299654245376587 
7.954729080200195 , 0.13071483373641968 
7.950884819030762 , 0.1309947371482849 
7.944990634918213 , 0.13090699911117554 
7.939175128936768 , 0.13063597679138184 
7.9341654777526855 , 0.13014808297157288 
7.927585124969482 , 0.12933453917503357 
7.922446250915527 , 0.1284765601158142 
7.916274070739746 , 0.12668129801750183 
7.911015033721924 , 0.12517476081848145 
7.904219627380371 , 0.12299127876758575 
7.899997234344482 , 0.1209181696176529 
7.896468639373779 , 0.09729108214378357 
7.89260721206665 , 0.11408211849629879 
7.887427806854248 , 0.11066718585789204 
7.882659435272217 , 0.10632109828293324 
7.878147602081299 , 0.10239104926586151 
7.873648643493652 , 0.09809950739145279 
7.870292663574219 , 0.0945563018321991 
7.866553783416748 , 0.08995229005813599 
7.863513946533203 , 0.08606722950935364 
7.860547065734863 , 0.08200988173484802 
7.858387470245361 , 0.0782654881477356 
7.854669094085693 , 0.07201161980628967 
7.852437973022461 , 0.06788641214370728 
7.850215435028076 , 0.062372565269470215 
7.848635196685791 , 0.05693310499191284 
7.861102104187012 , 0.04900330305099487 
7.846251487731934 , 0.0437321662902832 
7.845943927764893 , 0.03862011432647705 
7.845544815063477 , 0.032547712326049805 
7.8449554443359375 , 0.025510728359222412 
7.844757556915283 , 0.0208132266998291 
7.84496545791626 , 0.014505863189697266 
7.845286846160889 , 0.010487794876098633 
7.845966339111328 , 0.0038080215454101562 
7.846484661102295 , -0.0005182027816772461 
7.84718132019043 , -0.00634610652923584 
7.8483781814575195 , -0.011946797370910645 
7.84951114654541 , -0.01644456386566162 
7.850483417510986 , -0.020580410957336426 
7.852329254150391 , -0.027245283126831055 
7.854372024536133 , -0.032642364501953125 
7.856884002685547 , -0.037781596183776855 
7.859309196472168 , -0.042569756507873535 
7.861830711364746 , -0.047705650329589844 
7.863765239715576 , -0.05112814903259277 
7.86629056930542 , -0.05481743812561035 
7.869328498840332 , -0.058901309967041016 
7.871596813201904 , -0.06157088279724121 
7.874196529388428 , -0.06442630290985107 
7.8775634765625 , -0.06852149963378906 
7.879456996917725 , -0.0707387924194336 
7.883525371551514 , -0.07478642463684082 
7.887444972991943 , -0.07798027992248535 
7.8909828662872314 , -0.08061039447784424 
7.89582896232605 , -0.08429586887359619 
7.899864912033081 , -0.08727109432220459 
7.9034340381622314 , -0.08985066413879395 
7.908212900161743 , -0.09284722805023193 
7.910567998886108 , -0.09418344497680664 
7.9132232666015625 , -0.09549343585968018 
7.9162278175354 , -0.09680414199829102 
7.917884588241577 , -0.09739828109741211 
7.92157506942749 , -0.09841728210449219 
7.924462080001831 , -0.09916973114013672 
7.926635265350342 , -0.0997614860534668 
7.930270433425903 , -0.10061061382293701 
7.934755802154541 , -0.10139602422714233 
7.9378821849823 , -0.10183089971542358 
7.941683053970337 , -0.10241317749023438 
7.945285797119141 , -0.10287195444107056 
7.948105573654175 , -0.10304629802703857 
7.950239419937134 , -0.10305047035217285 
7.9524195194244385 , -0.10310333967208862 
7.974715948104858 , -0.10298138856887817 
7.9561145305633545 , -0.10269492864608765 
7.958162069320679 , -0.10206407308578491 
7.960201740264893 , -0.10130566358566284 
7.961982250213623 , -0.10058647394180298 
7.964824199676514 , -0.09924745559692383 
7.967592477798462 , -0.09789431095123291 
7.969006299972534 , -0.09722471237182617 
7.970804452896118 , -0.09619331359863281 
7.971611261367798 , -0.09532243013381958 
7.989147424697876 , -0.0945831835269928 
7.973478317260742 , -0.09359511733055115 
7.974374532699585 , -0.09230068325996399 
7.975291967391968 , -0.09064365923404694 
7.975895166397095 , -0.08919499814510345 
7.976466417312622 , -0.08744208514690399 
7.977248430252075 , -0.08511168509721756 
7.977735161781311 , -0.08331040292978287 
7.978340983390808 , -0.08070874400436878 
7.996967911720276 , -0.0784587524831295 
7.979133486747742 , -0.07653180044144392 
7.979366779327393 , -0.07456936687231064 
7.97973906993866 , -0.0714985728263855 
7.979974985122681 , -0.0687263160943985 
8.000380039215088 , -0.06627564132213593 
7.979662775993347 , -0.04832153022289276 
7.978927731513977 , -0.06176719069480896 
7.978300929069519 , -0.042916178703308105 
7.977595567703247 , -0.05534157156944275 
7.977188944816589 , -0.052720606327056885 
7.976748824119568 , -0.04974040389060974 
7.9761353731155396 , -0.045787274837493896 
7.975673794746399 , -0.04317820072174072 
7.97473406791687 , -0.03966397047042847 
7.973718166351318 , -0.037007033824920654 
7.972561001777649 , -0.03393363952636719 
7.970927953720093 , -0.02885955572128296 
7.969902992248535 , -0.025247275829315186 
7.968914449214935 , -0.022248446941375732 
7.967795312404633 , -0.019387483596801758 
7.966664969921112 , -0.016353726387023926 
7.9652053117752075 , -0.012286067008972168 
7.9643749594688416 , -0.009622633457183838 
7.963389992713928 , -0.005491197109222412 
7.962308943271637 , -0.0007508397102355957 
7.961563527584076 , 0.002390265464782715 
7.960427165031433 , 0.008898377418518066 
7.959575057029724 , 0.014298319816589355 
7.984485745429993 , 0.021114468574523926 
7.9577993750572205 , 0.024633169174194336 
7.981141090393066 , 0.029272913932800293 
7.957428440451622 , 0.03223848342895508 
7.957893952727318 , 0.036218881607055664 
7.959066964685917 , 0.04200923442840576 
7.981569175608456 , 0.048110127449035645 
7.960626125335693 , 0.052812933921813965 
7.96222510933876 , 0.05727028846740723 
7.9638045728206635 , 0.0622406005859375 
7.965540558099747 , 0.06703400611877441 
7.967183768749237 , 0.07123887538909912 
7.968811094760895 , 0.07560670375823975 
7.970156192779541 , 0.07942688465118408 
7.972279340028763 , 0.08431088924407959 
7.9981459975242615 , 0.08924746513366699 
7.977631509304047 , 0.09369361400604248 
7.980512380599976 , 0.09841632843017578 
7.98369300365448 , 0.10248839855194092 
7.987023115158081 , 0.10604000091552734 
7.990059435367584 , 0.09983789920806885 
7.995142161846161 , 0.11286449432373047 
7.998687505722046 , 0.11537468433380127 
8.002254664897919 , 0.11830109357833862 
8.008452653884888 , 0.12067002058029175 
8.012984037399292 , 0.12303560972213745 
8.01798701286316 , 0.12551051378250122 
8.038094282150269 , 0.12787312269210815 
8.026326537132263 , 0.11668545007705688 
8.032011985778809 , 0.13099724054336548 
8.036232113838196 , 0.11433631181716919 
8.043063402175903 , 0.13304555416107178 
8.048816442489624 , 0.1338065266609192 
8.068948984146118 , 0.13406503200531006 
8.060906887054443 , 0.13353371620178223 
8.06448233127594 , 0.13273951411247253 
8.070277452468872 , 0.13108304142951965 
8.076310396194458 , 0.12880206108093262 
8.080728769302368 , 0.12730592489242554 
8.086794972419739 , 0.12545418739318848 
8.093554973602295 , 0.12325535714626312 
8.099716186523438 , 0.12062898278236389 
8.104487895965576 , 0.11817674338817596 
8.10734760761261 , 0.11646546423435211 
8.110796809196472 , 0.11440519103780389 
8.115945100784302 , 0.11149322241544724 
8.120063781738281 , 0.10872134147211909 
8.125045418739319 , 0.10427449643611908 
8.129385828971863 , 0.09940807521343231 
8.133118271827698 , 0.09453216195106506 
8.1369549036026 , 0.08861169219017029 
8.13962435722351 , 0.08391118049621582 
8.143107771873474 , 0.0782507061958313 
8.14632523059845 , 0.07251104712486267 
8.148176431655884 , 0.06841713190078735 
8.13894534111023 , 0.06176924705505371 
8.151953220367432 , 0.05736410617828369 
8.153534531593323 , 0.0520591139793396 
8.155054569244385 , 0.04385405778884888 
8.156097888946533 , 0.038209378719329834 
8.157235980033875 , 0.03179043531417847 
8.157958626747131 , 0.026941120624542236 
8.140934348106384 , 0.02136129140853882 
8.15866732597351 , 0.018698394298553467 
8.1587553024292 , 0.0144881010055542 
8.158673524856567 , 0.007991433143615723 
8.157840490341187 , 0.004236817359924316 
8.156634449958801 , -0.003246903419494629 
8.154896020889282 , -0.008590221405029297 
8.153583765029907 , -0.013737678527832031 
8.151478707790375 , -0.020244359970092773 
8.149368047714233 , -0.026231884956359863 
8.147969186306 , -0.03023064136505127 
8.145909011363983 , -0.03571736812591553 
8.143585443496704 , -0.04097878932952881 
8.140958487987518 , -0.046419620513916016 
8.13896358013153 , -0.049762606620788574 
8.136750966310501 , -0.05279541015625 
8.134026259183884 , -0.05700516700744629 
8.131186962127686 , -0.06179678440093994 
8.128205835819244 , -0.06574404239654541 
8.12353965640068 , -0.07068467140197754 
8.120950274169445 , -0.07356572151184082 
8.118288879282773 , -0.07650601863861084 
8.115973550826311 , -0.0790184736251831 
8.113099440932274 , -0.08176994323730469 
8.110255286097527 , -0.08420908451080322 
8.107948377728462 , -0.08671331405639648 
8.103325933218002 , -0.08867764472961426 
8.099498301744461 , -0.09062826633453369 
8.093468219041824 , -0.09331321716308594 
8.088996291160583 , -0.09513711929321289 
8.084750294685364 , -0.09665060043334961 
8.081210017204285 , -0.09779608249664307 
8.078324258327484 , -0.09910118579864502 
8.055914878845215 , -0.10068535804748535 
8.073740839958191 , -0.10152173042297363 
8.071745991706848 , -0.10202169418334961 
8.070326209068298 , -0.10235321521759033 
8.067078709602356 , -0.10250920057296753 
8.065009236335754 , -0.10253024101257324 
8.060601592063904 , -0.1023215651512146 
8.05578625202179 , -0.10209250450134277 
8.052046298980713 , -0.10279989242553711 
8.050861954689026 , -0.10419470071792603 
8.050520062446594 , -0.10559660196304321 
8.050446629524231 , -0.10620659589767456 
8.050363659858704 , -0.10678398609161377 
8.049821734428406 , -0.10649228096008301 
8.048594117164612 , -0.1054275631904602 
8.04543149471283 , -0.10259795188903809 
8.04282522201538 , -0.10036483407020569 
8.012956857681274 , -0.09778758883476257 
8.037909269332886 , -0.09642845392227173 
8.037267565727234 , -0.09593033790588379 
8.03718376159668 , -0.09560216963291168 
8.037525534629822 , -0.0953950434923172 
8.038066148757935 , -0.09459204599261284 
8.039023876190186 , -0.0941129494458437 
8.039612770080566 , -0.09320976957678795 
8.039898157119751 , -0.09196425974369049 
8.040054321289062 , -0.09004285465925932 
8.019385576248169 , -0.08657227456569672 
8.039162635803223 , -0.08444183319807053 
8.038076162338257 , -0.0803670585155487 
8.03699517250061 , -0.07512855529785156 
8.036640882492065 , -0.07210507988929749 
8.036607265472412 , -0.06928500533103943 
8.036926984786987 , -0.06675508618354797 
8.03739309310913 , -0.06483447551727295 
8.03800630569458 , -0.04513669013977051 
8.019883394241333 , -0.05927756428718567 
8.040629625320435 , -0.056305110454559326 
8.04142451286316 , -0.053740859031677246 
8.042380332946777 , -0.04869967699050903 
8.04305624961853 , -0.04482144117355347 
8.043599128723145 , -0.04062265157699585 
8.044070959091187 , -0.0373380184173584 
8.044815301895142 , -0.033314287662506104 
8.045398235321045 , -0.029669344425201416 
8.046210527420044 , -0.02523040771484375 
8.046912431716919 , -0.021990656852722168 
8.047969102859497 , -0.01722639799118042 
8.023865699768066 , -0.011518478393554688 
8.049399137496948 , -0.007426023483276367 
8.049929141998291 , -0.0025800466537475586 
8.050306797027588 , 0.0011937618255615234 
8.050822257995605 , 0.006567239761352539 
8.05090618133545 , 0.010803461074829102 
8.02400827407837 , 0.018077611923217773 
8.049922227859497 , 0.02247774600982666 
8.048593044281006 , 0.03004312515258789 
8.047368288040161 , 0.03641068935394287 
8.047359466552734 , 0.04304671287536621 
8.048020362854004 , 0.04787588119506836 
8.049285411834717 , 0.05223357677459717 
8.049644947052002 , 0.05733966827392578 
8.048703670501709 , 0.06172001361846924 
8.047024250030518 , 0.06577932834625244 
8.044521808624268 , 0.07025861740112305 
8.0424222946167 , 0.07332801818847656 
8.0391845703125 , 0.07936739921569824 
8.035135269165039 , 0.08175778388977051 
8.030367851257324 , 0.08662796020507812 
8.024812698364258 , 0.09246981143951416 
8.020444869995117 , 0.09706449508666992 
8.015996932983398 , 0.10116326808929443 
8.011508464813232 , 0.10459530353546143 
8.00764513015747 , 0.10733497142791748 
8.002803325653076 , 0.11060035228729248 
7.998763084411621 , 0.1129186749458313 
7.9945173263549805 , 0.11528480052947998 
7.986949920654297 , 0.11883378028869629 
7.981036186218262 , 0.1206926703453064 
7.972554683685303 , 0.1233365535736084 
7.967609405517578 , 0.1253945231437683 
7.964709758758545 , 0.11024415493011475 
7.95975399017334 , 0.12844139337539673 
7.954988956451416 , 0.1298673152923584 
7.9506001472473145 , 0.1306183636188507 
7.946722030639648 , 0.1303454041481018 
7.9410223960876465 , 0.12960943579673767 
7.934050559997559 , 0.1275331676006317 
7.927309989929199 , 0.12492604553699493 
7.921267032623291 , 0.12260079383850098 
7.915003776550293 , 0.11971865594387054 
7.910401344299316 , 0.11694391071796417 
7.905125617980957 , 0.1132446713745594 
7.90065860748291 , 0.10824883729219437 
7.89513635635376 , 0.10530174151062965 
7.889715671539307 , 0.1005711778998375 
7.884188175201416 , 0.09574104845523834 
7.879194259643555 , 0.09088915586471558 
7.875220775604248 , 0.0859677791595459 
7.873193740844727 , 0.08173006772994995 
7.869908332824707 , 0.07862299680709839 
7.86769962310791 , 0.07497936487197876 
7.866407871246338 , 0.04879605770111084 
7.862665176391602 , 0.06720471382141113 
7.872298717498779 , 0.062144696712493896 
7.858793258666992 , 0.05869799852371216 
7.856586933135986 , 0.05217796564102173 
7.854623794555664 , 0.044888198375701904 
7.85317850112915 , 0.038273513317108154 
7.851876258850098 , 0.029236197471618652 
7.850799560546875 , 0.022892117500305176 
7.84958553314209 , 0.015823006629943848 
7.848993301391602 , -0.0019204020500183105 
7.848840236663818 , 0.005787074565887451 
7.8489532470703125 , 0.001081705093383789 
7.849549770355225 , -0.004248619079589844 
7.850444793701172 , -0.009962081909179688 
7.851240634918213 , -0.014903426170349121 
7.851845741271973 , -0.021637797355651855 
7.8518290519714355 , -0.025818943977355957 
7.85191011428833 , -0.02987062931060791 
7.852247714996338 , -0.03251183032989502 
7.853158950805664 , -0.03643012046813965 
7.854539394378662 , -0.04019773006439209 
7.8561930656433105 , -0.04384291172027588 
7.858859062194824 , -0.048502206802368164 
7.8624587059021 , -0.05352950096130371 
7.865720748901367 , -0.05952799320220947 
7.870024681091309 , -0.06275248527526855 
7.873300075531006 , -0.06627190113067627 
7.877483367919922 , -0.07087266445159912 
7.880608081817627 , -0.07426369190216064 
7.884149551391602 , -0.07776784896850586 
7.887441635131836 , -0.0803903341293335 
7.891133785247803 , -0.0830315351486206 
7.893517017364502 , -0.08470749855041504 
7.9191272258758545 , -0.08776426315307617 
7.901694297790527 , -0.08950269222259521 
7.938335657119751 , -0.09274089336395264 
7.931859731674194 , -0.09507358074188232 
7.913959741592407 , -0.09644651412963867 
7.915886402130127 , -0.09760928153991699 
7.918088436126709 , -0.09897518157958984 
7.919934272766113 , -0.09987032413482666 
7.922184705734253 , -0.10055804252624512 
7.9245216846466064 , -0.08977693319320679 
7.92789363861084 , -0.10158771276473999 
7.931224346160889 , -0.10175955295562744 
7.935854434967041 , -0.10192006826400757 
7.939334392547607 , -0.10189104080200195 
7.959437608718872 , -0.10179060697555542 
7.946067571640015 , -0.10170352458953857 
7.9477527141571045 , -0.08685040473937988 
7.950223445892334 , -0.08943641185760498 
7.952605485916138 , -0.10062980651855469 
7.955106496810913 , -0.09988582134246826 
7.956981658935547 , -0.09922879934310913 
7.959594488143921 , -0.09809243679046631 
7.963457822799683 , -0.09596830606460571 
7.966209173202515 , -0.09439298510551453 
7.967522144317627 , -0.09369832277297974 
7.967174291610718 , -0.09414374828338623 
7.965469837188721 , -0.09538015723228455 
7.963068008422852 , -0.09680294990539551 
7.961116075515747 , -0.09762430191040039 
7.9598305225372314 , -0.09771530330181122 
7.959256410598755 , -0.09680309891700745 
7.959649562835693 , -0.09484936948865652 
7.960922598838806 , -0.09221723303198814 
7.962717056274414 , -0.08901524730026722 
7.964327454566956 , -0.08601919561624527 
7.965633273124695 , -0.08328752219676971 
7.967002868652344 , -0.08000147342681885 
7.98886251449585 , -0.0749901533126831 
7.96866500377655 , -0.07241654396057129 
7.968657970428467 , -0.06733199954032898 
7.968324780464172 , -0.06452354788780212 
7.9674190282821655 , -0.06177091598510742 
7.965855956077576 , -0.05843421816825867 
7.962279915809631 , -0.05495631694793701 
7.9828208684921265 , -0.053613364696502686 
7.95487904548645 , -0.0529291033744812 
7.950712084770203 , -0.052010297775268555 
7.946961402893066 , -0.05012422800064087 
7.944854736328125 , -0.046958088874816895 
7.943240702152252 , -0.042389512062072754 
7.942378580570221 , -0.036751747131347656 
7.941966891288757 , -0.030048608779907227 
7.941523611545563 , -0.025048673152923584 
7.940380215644836 , -0.0189363956451416 
7.9385146498680115 , -0.01362621784210205 
7.93637079000473 , -0.00869143009185791 
7.933981776237488 , -0.003028273582458496 
7.932989463210106 , 0.0006748437881469727 
7.931744962930679 , 0.006455659866333008 
7.931525573134422 , 0.012662649154663086 
7.931696510175243 , 0.018430113792419434 
7.932142615318298 , 0.02348172664642334 
7.933215349912643 , 0.029402613639831543 
7.93524132668972 , 0.03480863571166992 
7.93909078836441 , 0.043364882469177246 
7.94188129901886 , 0.049221038818359375 
7.94553878903389 , 0.05609869956970215 
7.948166191577911 , 0.05608224868774414 
7.95199728012085 , 0.06825542449951172 
7.954124748706818 , 0.07346510887145996 
7.958150267601013 , 0.07767963409423828 
7.96183168888092 , 0.0819251537322998 
7.966114938259125 , 0.07202577590942383 
7.9708592891693115 , 0.09118467569351196 
7.976560831069946 , 0.09561967849731445 
7.982921004295349 , 0.09930968284606934 
7.988633751869202 , 0.10287851095199585 
7.995259761810303 , 0.10699540376663208 
8.000904440879822 , 0.11000710725784302 
8.006706237792969 , 0.11223459243774414 
8.012904405593872 , 0.11316293478012085 
8.021281480789185 , 0.11403197050094604 
8.028953194618225 , 0.1153319776058197 
8.03458845615387 , 0.1168077290058136 
8.049920082092285 , 0.11874891817569733 
8.046798467636108 , 0.11963853240013123 
8.053463697433472 , 0.11991520971059799 
8.060381174087524 , 0.11981777846813202 
8.067422866821289 , 0.08162812516093254 
8.074401617050171 , 0.11441991291940212 
8.080896496772766 , 0.11005189269781113 
8.086295008659363 , 0.10597726702690125 
8.092381954193115 , 0.10115769505500793 
8.09740948677063 , 0.09675252437591553 
8.101606726646423 , 0.09241756796836853 
8.104838252067566 , 0.08860433101654053 
8.108023405075073 , 0.08353739976882935 
8.112030506134033 , 0.07709497213363647 
8.116641521453857 , 0.06966936588287354 
8.12052857875824 , 0.06332236528396606 
8.102157950401306 , 0.056257784366607666 
8.127320408821106 , 0.0518224835395813 
8.130170226097107 , 0.04598134756088257 
8.132912993431091 , 0.04035758972167969 
8.136201739311218 , 0.03466510772705078 
8.139809787273407 , 0.02875053882598877 
8.11032259464264 , 0.022896528244018555 
8.145617067813873 , 0.018862485885620117 
8.148285806179047 , 0.0011954307556152344 
8.150217771530151 , 0.008360505104064941 
8.150050640106201 , 0.001928091049194336 
8.14836299419403 , -0.0038324594497680664 
8.143191456794739 , -0.011934399604797363 
8.137906402349472 , -0.018419265747070312 
8.133261740207672 , -0.02483665943145752 
8.130917146801949 , -0.031209826469421387 
8.104414902627468 , -0.03512442111968994 
8.131353225558996 , -0.038021087646484375 
8.131403885781765 , -0.04161214828491211 
8.130112498998642 , -0.0455700159072876 
8.128022119402885 , -0.04259824752807617 
8.123236507177353 , -0.046240806579589844 
8.118590027093887 , -0.057920217514038086 
8.114413261413574 , -0.06334793567657471 
8.113187849521637 , -0.0660470724105835 
8.111791610717773 , -0.06958889961242676 
8.109817504882812 , -0.061022162437438965 
8.106724321842194 , -0.07376599311828613 
8.09672212600708 , -0.07139259576797485 
8.086832702159882 , -0.06209444999694824 
8.062734246253967 , -0.052578091621398926 
8.046718120574951 , -0.038070857524871826 
8.027937531471252 , -0.02910912036895752 
8.015972256660461 , -0.02090674638748169 
8.002532124519348 , -0.012046575546264648 
7.989650845527649 , -0.0008939504623413086 
7.976078629493713 , 0.0033183693885803223 
7.966843485832214 , 0.007776498794555664 
7.958894371986389 , 0.011232197284698486 
7.953333854675293 , 0.013702213764190674 
7.950045824050903 , 0.01613098382949829 
7.946768879890442 , 0.017948389053344727 
7.9432337284088135 , 0.019606947898864746 
7.94057035446167 , 0.022114157676696777 
7.938907623291016 , 0.024141967296600342 
7.9384026527404785 , 0.016523420810699463 
7.939034461975098 , 0.025882840156555176 
7.9410964250564575 , 0.025251448154449463 
7.943284392356873 , 0.0241696834564209 
7.946595728397369 , 0.022273719310760498 
7.949491918087006 , 0.020527780055999756 
7.9667439460754395 , 0.01714491844177246 
7.958465576171875 , 0.014258503913879395 
